<?xml version="1.0" encoding="UTF-8"?>
<document version="1.2.0">
  <chunk>
    <sensors>
      <sensor id="0" label="RP_OV5647 (3.5976 mm)" type="frame">
        <resolution width="1296" height="972"/>
        <property name="focal_length" value="3.5975999999999999"/>
        <property name="fixed" value="false"/>
        <calibration type="frame" class="adjusted">
          <resolution width="1296" height="972"/>
          <fx>1275.6463862469843</fx>
          <fy>1269.7787432560619</fy>
          <cx>653.68426286433828</cx>
          <cy>479.26399658858071</cy>
          <skew>0.57502831508788421</skew>
          <k1>0.032962009429511968</k1>
          <k2>-0.6132984923950251</k2>
          <k3>1.2336972218113857</k3>
          <p1>0.00068154027433593365</p1>
          <p2>-0.00011850818953988993</p2>
        </calibration>
      </sensor>
    </sensors>
    <cameras>
      <camera id="0" label="103_138711562432658.jpg" sensor_id="0" enabled="true">
        <transform>-8.9125521923514350e-001 6.4640267359311956e-003 -4.5345600728678548e-001 2.9628201710149620e+000 -6.9162975432087187e-002 9.8626433696323590e-001 1.4999713485213245e-001 -4.5231679716578448e+000 4.4819707385869512e-001 1.6504809599878900e-001 -8.7856616654164288e-001 1.2240957187399855e+001 0.0000000000000000e+000 0.0000000000000000e+000 0.0000000000000000e+000 1.0000000000000000e+000</transform>
      </camera>
      <camera id="1" label="104_138711562432658.jpg" sensor_id="0" enabled="true">
        <transform>-8.8894639961326205e-001 -6.9068115319812148e-003 -4.5795916255609542e-001 2.9915820431300797e+000 -9.1973041896776381e-002 9.8221081754921780e-001 1.6371581919151951e-001 -2.3374979426900313e+000 4.4868168915041801e-001 1.8765448527482143e-001 -8.7376801038798013e-001 1.2698240740730562e+001 0.0000000000000000e+000 0.0000000000000000e+000 0.0000000000000000e+000 1.0000000000000000e+000</transform>
      </camera>
      <camera id="2" label="105_138711562432658.jpg" sensor_id="0" enabled="true">
        <transform>-8.8453811311510011e-001 8.2371274494619229e-004 -4.6646719921564905e-001 2.9685082382922530e+000 -8.5160233784576725e-002 9.8290728738124078e-001 1.6322070639047942e-001 -1.4868714333252145e-001 4.5862845640947147e-001 1.8409939138998982e-001 -8.6934880977735329e-001 1.3121151818602710e+001 0.0000000000000000e+000 0.0000000000000000e+000 0.0000000000000000e+000 1.0000000000000000e+000</transform>
      </camera>
      <camera id="3" label="106_138711562432658.jpg" sensor_id="0" enabled="true">
        <transform>-6.8014384011913875e-001 1.9874923345253323e-001 -7.0562249039413549e-001 4.9191328815684665e+000 -1.2241985389454782e-001 9.1823719190910735e-001 3.7663488787858540e-001 -8.6509141454153173e+000 7.2278470938477168e-001 3.4254810114333939e-001 -6.0020251772436239e-001 1.0004965309552992e+001 0.0000000000000000e+000 0.0000000000000000e+000 0.0000000000000000e+000 1.0000000000000000e+000</transform>
      </camera>
      <camera id="4" label="107_138711562432658.jpg" sensor_id="0" enabled="true">
        <transform>-6.6973000491559398e-001 2.9241595985673621e-002 -7.4202873905258493e-001 4.9412638444622976e+000 -1.1099875277860925e-001 9.8405718316080304e-001 1.3896307837414321e-001 -6.4623024526050310e+000 7.3426221297119165e-001 1.7543200772332204e-001 -6.5580684143184464e-001 1.0432319572489433e+001 0.0000000000000000e+000 0.0000000000000000e+000 0.0000000000000000e+000 1.0000000000000000e+000</transform>
      </camera>
      <camera id="5" label="108_138711562432658.jpg" sensor_id="0" enabled="true">
        <transform>-6.6258884247112282e-001 -2.6417897249654043e-002 -7.4851728138880280e-001 4.9718043063639863e+000 -1.4583885972626801e-001 9.8480000917613619e-001 9.4339646598998600e-002 -4.2695120863958653e+000 7.3464757048976859e-001 1.7167130404231437e-001 -6.5637025415682249e-001 1.0852141101460784e+001 0.0000000000000000e+000 0.0000000000000000e+000 0.0000000000000000e+000 1.0000000000000000e+000</transform>
      </camera>
      <camera id="6" label="109_138711562432658.jpg" sensor_id="0" enabled="true">
        <transform>-6.6178816195616208e-001 -1.5170955523507917e-002 -7.4953737118517871e-001 4.9586699158603640e+000 -1.4104734981392406e-001 9.8446057770697892e-001 1.0460887176195754e-001 -2.0688861438903112e+000 7.3630297690906632e-001 1.7494917275981869e-001 -6.5364417930973884e-001 1.1246278757099047e+001 0.0000000000000000e+000 0.0000000000000000e+000 0.0000000000000000e+000 1.0000000000000000e+000</transform>
      </camera>
      <camera id="7" label="110_138711562432658.jpg" sensor_id="0" enabled="true">
        <transform>-6.4173880731108013e-001 2.1008408869358244e-002 -7.6663547396903697e-001 4.9714978922520032e+000 -1.5003223390392068e-001 9.7687101760852613e-001 1.5235925881376905e-001 1.2101260218754137e-001 7.5210480119512024e-001 2.1279488178351402e-001 -6.2374410322342022e-001 1.1662344230208488e+001 0.0000000000000000e+000 0.0000000000000000e+000 0.0000000000000000e+000 1.0000000000000000e+000</transform>
      </camera>
      <camera id="8" label="111_138711562432658.jpg" sensor_id="0" enabled="false">
        <transform>-3.4158691979384964e-001 2.4412532020972225e-001 -9.0759087933840010e-001 6.1741036795174056e+000 -1.7167563112341003e-001 9.3322211676929323e-001 3.1563263210735637e-001 -8.4423926246711805e+000 9.2403779895853211e-001 2.6362721560024771e-001 -2.7686609993051070e-001 8.1863114820170093e+000 0.0000000000000000e+000 0.0000000000000000e+000 0.0000000000000000e+000 1.0000000000000000e+000</transform>
      </camera>
      <camera id="9" label="112_138711562432658.jpg" sensor_id="0" enabled="true">
        <transform>-3.5492972196743144e-001 8.1945768450408796e-003 -9.3485707002431806e-001 6.2907023380132090e+000 -1.6832465070464184e-001 9.8306009078181855e-001 7.2523581524932351e-002 -6.0951385763445316e+000 9.1961497618801447e-001 1.8310026439733482e-001 -3.4753789541335484e-001 8.3905758307135265e+000 0.0000000000000000e+000 0.0000000000000000e+000 0.0000000000000000e+000 1.0000000000000000e+000</transform>
      </camera>
      <camera id="10" label="113_138711562432658.jpg" sensor_id="0" enabled="true">
        <transform>-3.4277815494117364e-001 1.2804819056297101e-003 -9.3941550810129493e-001 6.2833575290424770e+000 -1.5624140789011651e-001 9.8599362506927779e-001 5.8354038277215629e-002 -3.8906766267219033e+000 9.2633242356922763e-001 1.6677809115358605e-001 -3.3777701128929294e-001 8.7992812276282422e+000 0.0000000000000000e+000 0.0000000000000000e+000 0.0000000000000000e+000 1.0000000000000000e+000</transform>
      </camera>
      <camera id="11" label="114_138711562432658.jpg" sensor_id="0" enabled="true">
        <transform>-3.7325173652068988e-001 2.3047522362827824e-002 -9.2744377344247908e-001 6.3046365447267938e+000 -1.6414561203895983e-001 9.8227858809447355e-001 9.0470953457354272e-002 -1.6972402168871059e+000 9.1309329163708386e-001 1.8600426630607814e-001 -3.6285403908912572e-001 9.1909953050168554e+000 0.0000000000000000e+000 0.0000000000000000e+000 0.0000000000000000e+000 1.0000000000000000e+000</transform>
      </camera>
      <camera id="12" label="115_138711562432658.jpg" sensor_id="0" enabled="true">
        <transform>-3.5515014724047078e-001 -2.4394635306228596e-002 -9.3449091738943491e-001 6.3098490698065604e+000 -1.8039385895007007e-001 9.8265819399544707e-001 4.2906053497242067e-002 4.9708403900561204e-001 9.1723847965955607e-001 1.8381451395872439e-001 -3.5339184468510837e-001 9.6116760687717715e+000 0.0000000000000000e+000 0.0000000000000000e+000 0.0000000000000000e+000 1.0000000000000000e+000</transform>
      </camera>
      <camera id="13" label="116_138711562432658.jpg" sensor_id="0" enabled="false">
        <transform>-2.7065559327169284e-002 2.5528850080754961e-001 -9.6648602517250148e-001 6.7728456487557809e+000 -1.6195734191121208e-001 9.5294647147751965e-001 2.5624761832961401e-001 -7.8501077184504204e+000 9.8642651773934087e-001 1.6346499274761714e-001 1.5553817751897611e-002 5.5900735206117700e+000 0.0000000000000000e+000 0.0000000000000000e+000 0.0000000000000000e+000 1.0000000000000000e+000</transform>
      </camera>
      <camera id="14" label="117_138711562432658.jpg" sensor_id="0" enabled="true">
        <transform>-3.2709167558097149e-002 1.7811414374165113e-002 -9.9930619125253495e-001 6.7616305153133140e+000 -1.8084178481247659e-001 9.8323273827346758e-001 2.3444215770549448e-002 -5.6423464884737609e+000 9.8296813744062628e-001 1.8148315598217360e-001 -2.8939676419334929e-002 6.0136953210273498e+000 0.0000000000000000e+000 0.0000000000000000e+000 0.0000000000000000e+000 1.0000000000000000e+000</transform>
      </camera>
      <camera id="15" label="118_138711562432658.jpg" sensor_id="0" enabled="true">
        <transform>-3.1812582856722482e-003 -1.2858693503808985e-002 -9.9991226294965263e-001 6.7448183700775513e+000 -1.4068000302464434e-001 9.8997891668377835e-001 -1.2283373746599852e-002 -3.4443424105323306e+000 9.9005000699192269e-001 1.4062858359162869e-001 -4.9583396723499292e-003 6.4225250208314772e+000 0.0000000000000000e+000 0.0000000000000000e+000 0.0000000000000000e+000 1.0000000000000000e+000</transform>
      </camera>
      <camera id="16" label="119_138711562432658.jpg" sensor_id="0" enabled="true">
        <transform>2.6190703753784629e-003 9.6081731926855179e-003 -9.9995041050957534e-001 6.7856462069086456e+000 -1.7720751049936245e-001 9.8413243082763591e-001 8.9920418096583049e-003 -1.2563105109557118e+000 9.8417002529694386e-001 1.7717517207889949e-001 4.2801525469523686e-003 6.8309111912364981e+000 0.0000000000000000e+000 0.0000000000000000e+000 0.0000000000000000e+000 1.0000000000000000e+000</transform>
      </camera>
      <camera id="17" label="120_138711562432658.jpg" sensor_id="0" enabled="true">
        <transform>-1.6205336936544551e-002 1.3169842715674632e-002 -9.9978194737533499e-001 6.7834199969769289e+000 -1.8881028239707071e-001 9.8188332003651813e-001 1.5994470769685465e-002 9.4439727263515127e-001 9.8187986246582681e-001 1.8902830760737480e-001 -1.3425148311293253e-002 7.2244682031732133e+000 0.0000000000000000e+000 0.0000000000000000e+000 0.0000000000000000e+000 1.0000000000000000e+000</transform>
      </camera>
      <camera id="18" label="121_138711562432658.jpg" sensor_id="0" enabled="true">
        <transform>3.5713109450811609e-001 2.2106577926697582e-002 -9.3379263251955791e-001 6.3651932803647826e+000 -1.7019815464746268e-001 9.8452353684793437e-001 -4.1785087615473268e-002 -7.4054426587784219e+000 9.1841709995515319e-001 1.7385253695245650e-001 3.5536646705219854e-001 3.2571168866572613e+000 0.0000000000000000e+000 0.0000000000000000e+000 0.0000000000000000e+000 1.0000000000000000e+000</transform>
      </camera>
      <camera id="19" label="122_138711562432658.jpg" sensor_id="0" enabled="true">
        <transform>3.7519590883928738e-001 -2.2593010679772679e-003 -9.2694278439877031e-001 6.3551328222763441e+000 -1.5504571069492012e-001 9.8575605287511725e-001 -6.5160047691633666e-002 -5.2031265502262896e+000 9.1388667655534195e-001 1.6816628609430931e-001 3.6950134321254996e-001 3.6328245567699837e+000 0.0000000000000000e+000 0.0000000000000000e+000 0.0000000000000000e+000 1.0000000000000000e+000</transform>
      </camera>
      <camera id="20" label="123_138711562432658.jpg" sensor_id="0" enabled="true">
        <transform>3.7701482520421281e-001 -1.9826421098997973e-002 -9.2599499707214517e-001 6.3726111308426132e+000 -1.7612877290095541e-001 9.7999322989109006e-001 -9.2692635759442199e-002 -3.0129325733484014e+000 9.0930659127306479e-001 1.9804086041530461e-001 3.6597997304951718e-001 4.0214213845812168e+000 0.0000000000000000e+000 0.0000000000000000e+000 0.0000000000000000e+000 1.0000000000000000e+000</transform>
      </camera>
      <camera id="21" label="124_138711562432658.jpg" sensor_id="0" enabled="true">
        <transform>3.5526714635305617e-001 2.2704907609300273e-003 -9.3476205506741683e-001 6.3897683813862844e+000 -1.7921348113492280e-001 9.8161213063746300e-001 -6.5727872055034262e-002 -8.1203787028780960e-001 9.1742453798754398e-001 1.9087291546231699e-001 3.4914144303026579e-001 4.4191256067925311e+000 0.0000000000000000e+000 0.0000000000000000e+000 0.0000000000000000e+000 1.0000000000000000e+000</transform>
      </camera>
      <camera id="22" label="125_138711562432658.jpg" sensor_id="0" enabled="true">
        <transform>3.5256104079631445e-001 2.7500106160995297e-002 -9.3538465706561236e-001 6.4224690197138150e+000 -1.7551012464504950e-001 9.8377341909885951e-001 -3.7229773322145554e-002 1.3857524712741913e+000 9.1918273953534313e-001 1.7729524538371902e-001 3.5166672760531120e-001 4.8130922265185241e+000 0.0000000000000000e+000 0.0000000000000000e+000 0.0000000000000000e+000 1.0000000000000000e+000</transform>
      </camera>
      <camera id="23" label="126_138711562432658.jpg" sensor_id="0" enabled="true">
        <transform>6.5612165238678466e-001 4.2826477105282063e-003 -7.5464298591971468e-001 5.1783142855703712e+000 -1.3660703888842296e-001 9.8413775276784188e-001 -1.1318745735813350e-001 -7.0467598140650249e+000 7.4218791029992681e-001 1.7735428527568736e-001 6.4629912834459091e-001 1.1476820019061975e+000 0.0000000000000000e+000 0.0000000000000000e+000 0.0000000000000000e+000 1.0000000000000000e+000</transform>
      </camera>
      <camera id="24" label="127_138711562432658.jpg" sensor_id="0" enabled="true">
        <transform>6.6116680337487199e-001 -1.9991700078914411e-002 -7.4997252619213195e-001 5.1747363950510241e+000 -1.1316129485304161e-001 9.8555070462611238e-001 -1.2603305105469942e-001 -4.8316962034144444e+000 7.4165556659559728e-001 1.6819673165352594e-001 6.4935112227425573e-001 1.5202692501067832e+000 0.0000000000000000e+000 0.0000000000000000e+000 0.0000000000000000e+000 1.0000000000000000e+000</transform>
      </camera>
      <camera id="25" label="128_138711562432658.jpg" sensor_id="0" enabled="true">
        <transform>6.5533971558345727e-001 -3.6978061607229586e-002 -7.5442857855383849e-001 5.1639519357360237e+000 -1.0887206289970330e-001 9.8374678967855189e-001 -1.4279050289534601e-001 -2.6265136121791453e+000 7.4744680820708331e-001 1.7571248321310212e-001 6.4066246350486999e-001 1.8964576685311285e+000 0.0000000000000000e+000 0.0000000000000000e+000 0.0000000000000000e+000 1.0000000000000000e+000</transform>
      </camera>
      <camera id="26" label="129_138711562432658.jpg" sensor_id="0" enabled="true">
        <transform>6.5814708686912837e-001 2.4092371456704627e-002 -7.5250380044440446e-001 5.1573751681458218e+000 -1.2230265254978592e-001 9.8963355682027565e-001 -7.5282696514780284e-002 -4.3427990285452167e-001 7.4288927386587456e-001 1.4158029825100077e-001 6.5427100342456823e-001 2.3275916132683578e+000 0.0000000000000000e+000 0.0000000000000000e+000 0.0000000000000000e+000 1.0000000000000000e+000</transform>
      </camera>
      <camera id="27" label="130_138711562432658.jpg" sensor_id="0" enabled="true">
        <transform>6.5981080257937108e-001 -4.7474105016768881e-003 -7.5141677309805555e-001 5.1510757825397047e+000 -1.2858572444220895e-001 9.8451703579327177e-001 -1.1912983548423821e-001 1.7634847547288730e+000 7.4034817232788408e-001 1.7522462248884407e-001 6.4898452632123949e-001 2.7307223805152572e+000 0.0000000000000000e+000 0.0000000000000000e+000 0.0000000000000000e+000 1.0000000000000000e+000</transform>
      </camera>
      <camera id="28" label="131_138711562432658.jpg" sensor_id="0" enabled="true">
        <transform>8.9193801733526978e-001 -7.6969454836864105e-003 -4.5209217009615327e-001 3.2956579530707879e+000 -6.7458812684133368e-002 9.8639957485886209e-001 -1.4988391277753288e-001 -6.7347782367529847e+000 4.4709717268539623e-001 1.6418476101172497e-001 8.7928805429634260e-001 -4.4161880644111051e-001 0.0000000000000000e+000 0.0000000000000000e+000 0.0000000000000000e+000 1.0000000000000000e+000</transform>
      </camera>
      <camera id="29" label="132_138711562432658.jpg" sensor_id="0" enabled="true">
        <transform>8.8407855113692535e-001 -3.4909842612491915e-003 -4.6732529189903954e-001 3.2745677462520928e+000 -7.8350078360778633e-002 9.8471160722640583e-001 -1.5557736279564702e-001 -4.5364896265728447e+000 4.6072375740837873e-001 1.7415758273034290e-001 8.7028889211400895e-001 -3.3617905577026763e-002 0.0000000000000000e+000 0.0000000000000000e+000 0.0000000000000000e+000 1.0000000000000000e+000</transform>
      </camera>
      <camera id="30" label="133_138711562432658.jpg" sensor_id="0" enabled="true">
        <transform>8.9910497917952581e-001 -3.2633299734616469e-002 -4.3651495296612136e-001 3.2725938122320768e+000 -4.6354870094664449e-002 9.8451171909601132e-001 -1.6907956996965412e-001 -2.3444757724524279e+000 4.3527171104161050e-001 1.7225487717637217e-001 8.8366667632986007e-001 3.9057875838989875e-001 0.0000000000000000e+000 0.0000000000000000e+000 0.0000000000000000e+000 1.0000000000000000e+000</transform>
      </camera>
      <camera id="31" label="134_138711562432658.jpg" sensor_id="0" enabled="true">
        <transform>8.9190155512100400e-001 -1.4280832213403080e-002 -4.5200406392423859e-001 3.2628167709095837e+000 -6.3956658441690989e-002 9.8547197038862211e-001 -1.5733576014161388e-001 -1.4715474658214461e-001 4.4768422109083478e-001 1.6923667867710951e-001 8.7803062860963643e-001 7.9544023139533893e-001 0.0000000000000000e+000 0.0000000000000000e+000 0.0000000000000000e+000 1.0000000000000000e+000</transform>
      </camera>
      <camera id="32" label="135_138711562432658.jpg" sensor_id="0" enabled="true">
        <transform>8.7159753858082589e-001 -3.5302666178933309e-003 -4.9020941235093823e-001 3.2713697432723201e+000 -8.5434876111573854e-002 9.8357708921203324e-001 -1.5898739422037189e-001 2.0590928225492759e+000 4.8272001479495924e-001 1.8045400188078542e-001 8.5698176207056109e-001 1.1433474377391830e+000 0.0000000000000000e+000 0.0000000000000000e+000 0.0000000000000000e+000 1.0000000000000000e+000</transform>
      </camera>
      <camera id="33" label="136_138711562432658.jpg" sensor_id="0" enabled="true">
        <transform>9.9269253671491642e-001 9.6232917046181615e-003 -1.2028682308246459e-001 9.5494358207702146e-001 -2.6817182314693482e-002 9.8948134119462927e-001 -1.4215313630158921e-001 -6.5969425697670783e+000 1.1765358593432161e-001 1.4434011114186363e-001 9.8250881219068442e-001 -1.2216238699331303e+000 0.0000000000000000e+000 0.0000000000000000e+000 0.0000000000000000e+000 1.0000000000000000e+000</transform>
      </camera>
      <camera id="34" label="137_138711562432658.jpg" sensor_id="0" enabled="true">
        <transform>9.9423330115565489e-001 -3.3651352861596819e-003 -1.0718590736488939e-001 9.3676584927908502e-001 -1.8016792485521221e-002 9.8005881904812098e-001 -1.9788912651921051e-001 -4.4074008756966743e+000 1.0571441747303190e-001 1.9867910577236922e-001 9.7434648604478957e-001 -7.5529077245006837e-001 0.0000000000000000e+000 0.0000000000000000e+000 0.0000000000000000e+000 1.0000000000000000e+000</transform>
      </camera>
      <camera id="35" label="138_138711562432658.jpg" sensor_id="0" enabled="true">
        <transform>9.9347321447577419e-001 -1.6309547007392570e-002 -1.1289362601841597e-001 9.3696456723017207e-001 -7.4313016797872035e-003 9.7836786860875369e-001 -2.0673918213369336e-001 -2.2059312612245772e+000 1.1382331867643074e-001 2.0622878642512082e-001 9.7186107020247792e-001 -3.8975211014955025e-001 0.0000000000000000e+000 0.0000000000000000e+000 0.0000000000000000e+000 1.0000000000000000e+000</transform>
      </camera>
      <camera id="36" label="139_138711562432658.jpg" sensor_id="0" enabled="true">
        <transform>9.9027687599543357e-001 -6.0618462372159501e-003 -1.3897828207644941e-001 9.0556078682624497e-001 -1.6882327676275833e-002 9.8642889940212974e-001 -1.6331874796401594e-001 -1.5668978697973488e-002 1.3808220696728324e-001 1.6407705642319179e-001 9.7673539081705496e-001 2.2256216556848975e-002 0.0000000000000000e+000 0.0000000000000000e+000 0.0000000000000000e+000 1.0000000000000000e+000</transform>
      </camera>
      <camera id="37" label="140_138711562432658.jpg" sensor_id="0" enabled="true">
        <transform>9.9324921018305079e-001 -2.3855114256046465e-002 -1.1352065888893015e-001 9.1116840827034529e-001 1.2396326166230626e-003 9.8075306583262434e-001 -1.9524827059639702e-001 2.1938782641688306e+000 1.1599340404403033e-001 1.9378946664805866e-001 9.7416177960056471e-001 3.7997511141745322e-001 0.0000000000000000e+000 0.0000000000000000e+000 0.0000000000000000e+000 1.0000000000000000e+000</transform>
      </camera>
      <camera id="38" label="141_138711562432658.jpg" sensor_id="0" enabled="true">
        <transform>9.9841956469091830e-001 -2.3665976959144651e-002 5.0973467382221548e-002 -2.7966683070023302e-001 1.9854551285643299e-002 9.9705888390826780e-001 7.4022826295981253e-002 -6.5969872121618067e+000 -5.2575370998623770e-002 -7.2893782685277686e-002 9.9595297419616580e-001 -1.3115076393929515e+000 0.0000000000000000e+000 0.0000000000000000e+000 0.0000000000000000e+000 1.0000000000000000e+000</transform>
      </camera>
      <camera id="39" label="142_138711562432658.jpg" sensor_id="0" enabled="true">
        <transform>9.9823046500407597e-001 -1.0579967061783952e-002 5.8514981284436177e-002 -2.9339477067441810e-001 2.1349730649553079e-002 9.8219935703375771e-001 -1.8662425363190194e-001 -4.4002045207820304e+000 -5.5498898538060046e-002 1.8754329457339841e-001 9.8068720034556256e-001 -8.1292430452923348e-001 0.0000000000000000e+000 0.0000000000000000e+000 0.0000000000000000e+000 1.0000000000000000e+000</transform>
      </camera>
      <camera id="40" label="143_138711562432658.jpg" sensor_id="0" enabled="true">
        <transform>9.9616342418738535e-001 8.0896460233339674e-003 8.7137764135192752e-002 -3.1220100591171385e-001 3.1518279067381284e-002 8.9573187919341313e-001 -4.4347604070712487e-001 -2.2087513139237900e+000 -8.1639637406678900e-002 4.4452104362319445e-001 8.9204036421019206e-001 -4.2716396148307512e-001 0.0000000000000000e+000 0.0000000000000000e+000 0.0000000000000000e+000 1.0000000000000000e+000</transform>
      </camera>
      <camera id="41" label="144_138711562432658.jpg" sensor_id="0" enabled="true">
        <transform>9.9899397485864549e-001 -2.1836226939576518e-003 4.4791405292246587e-002 -3.1565501381270061e-001 -9.5947307903048503e-004 9.9754438316291771e-001 7.0030586399977002e-002 -2.3465838733992520e-003 -4.4834335140988522e-002 -7.0003110016944675e-002 9.9653873330664933e-001 -4.8796182008746386e-002 0.0000000000000000e+000 0.0000000000000000e+000 0.0000000000000000e+000 1.0000000000000000e+000</transform>
      </camera>
      <camera id="42" label="145_138711562432658.jpg" sensor_id="0" enabled="true">
        <transform>9.9882840607495094e-001 -1.4194807227491857e-002 4.6263621405455105e-002 -3.2392025984172684e-001 1.1148616407939063e-002 9.9779359852259142e-001 6.5449546213296114e-002 9.9861681520886036e-001 -4.7090588974460390e-002 -6.4857090553863864e-002 9.9678284206487344e-001 1.2092920516884884e-001 0.0000000000000000e+000 0.0000000000000000e+000 0.0000000000000000e+000 1.0000000000000000e+000</transform>
      </camera>
      <camera id="43" label="146_138711562432658.jpg" sensor_id="0" enabled="true">
        <transform>9.6396374860790757e-001 -2.4119042147923490e-002 2.6493803648335862e-001 -1.4814819245075301e+000 6.8844434186326187e-002 9.8457410984408233e-001 -1.6085479820725751e-001 -6.6357787755123638e+000 -2.5697146777678520e-001 1.7329770347756956e-001 9.5075421151738526e-001 -1.0692331793391563e+000 0.0000000000000000e+000 0.0000000000000000e+000 0.0000000000000000e+000 1.0000000000000000e+000</transform>
      </camera>
      <camera id="44" label="147_138711562432658.jpg" sensor_id="0" enabled="true">
        <transform>9.6848416295253514e-001 -1.3696402614444311e-002 2.4869828038317934e-001 -1.5128084174587484e+000 6.3194373210969296e-002 9.7932710455710181e-001 -1.9215851132405293e-001 -4.4345501767849562e+000 -2.4092508649910280e-001 2.0181880694134158e-001 9.4932832669217948e-001 -6.8338866901313755e-001 0.0000000000000000e+000 0.0000000000000000e+000 0.0000000000000000e+000 1.0000000000000000e+000</transform>
      </camera>
      <camera id="45" label="148_138711562432658.jpg" sensor_id="0" enabled="true">
        <transform>9.5991079999250872e-001 -6.2691983921354215e-003 2.8023553166802717e-001 -1.5224979271938468e+000 5.7751986329636795e-002 9.8272373757090214e-001 -1.7583732166311608e-001 -2.2323846652519816e+000 -2.7429175002672479e-001 1.8497230270015227e-001 9.4368918776315325e-001 -3.0779094216851943e-001 0.0000000000000000e+000 0.0000000000000000e+000 0.0000000000000000e+000 1.0000000000000000e+000</transform>
      </camera>
      <camera id="46" label="149_138711562432658.jpg" sensor_id="0" enabled="true">
        <transform>9.7142145056863294e-001 -1.3123683760816834e-002 2.3699817362097789e-001 -1.5634206823816004e+000 5.4181328852430793e-002 9.8436978932741026e-001 -1.6757237679073117e-001 -4.4326245520327247e-002 -2.3109467535821301e-001 1.7562427731966929e-001 9.5694898726997257e-001 1.4078621976102826e-001 0.0000000000000000e+000 0.0000000000000000e+000 0.0000000000000000e+000 1.0000000000000000e+000</transform>
      </camera>
      <camera id="47" label="150_138711562432658.jpg" sensor_id="0" enabled="true">
        <transform>9.6297470608962854e-001 -1.8105548411268508e-002 2.6898309342469995e-001 -1.5649945807311401e+000 6.7588223690183163e-002 9.8209148385009537e-001 -1.7586400816404599e-001 2.1595877267988053e+000 -2.6098189103843850e-001 1.8753268106078227e-001 9.4695297986972693e-001 5.2035301460422045e-001 0.0000000000000000e+000 0.0000000000000000e+000 0.0000000000000000e+000 1.0000000000000000e+000</transform>
      </camera>
      <camera id="48" label="151_138711562432658.jpg" sensor_id="0" enabled="true">
        <transform>7.7996070237134629e-001 3.3560849032392634e-003 6.2581949430368367e-001 -3.7211714457606009e+000 1.1072601332666360e-001 9.8346978673714791e-001 -1.4327221833967771e-001 -6.8242510627202186e+000 -6.1595539832781698e-001 1.8104119771287144e-001 7.6669617972278248e-001 -1.3673687120724301e-001 0.0000000000000000e+000 0.0000000000000000e+000 0.0000000000000000e+000 1.0000000000000000e+000</transform>
      </camera>
      <camera id="49" label="152_138711562432658.jpg" sensor_id="0" enabled="true">
        <transform>7.9342580245691774e-001 -1.4512241930654812e-003 6.0866525278180428e-001 -3.7855803535311767e+000 1.2325936022223463e-001 9.7966111000299105e-001 -1.5833900235037723e-001 -4.6250167800084716e+000 -5.9605589176955676e-001 2.0065393964746575e-001 7.7746727930553428e-001 2.2776504082361129e-001 0.0000000000000000e+000 0.0000000000000000e+000 0.0000000000000000e+000 1.0000000000000000e+000</transform>
      </camera>
      <camera id="50" label="153_138711562432658.jpg" sensor_id="0" enabled="true">
        <transform>7.9592067119837251e-001 -4.8752806915242086e-004 6.0540073296578856e-001 -3.7965963700323146e+000 1.3724945592660490e-001 9.7410768103547873e-001 -1.7965748688972824e-001 -2.4249156875177156e+000 -5.8963791601879134e-001 2.2608402876820763e-001 7.7537935227148858e-001 6.5577543540280780e-001 0.0000000000000000e+000 0.0000000000000000e+000 0.0000000000000000e+000 1.0000000000000000e+000</transform>
      </camera>
      <camera id="51" label="154_138711562432658.jpg" sensor_id="0" enabled="true">
        <transform>8.0787761487666987e-001 -8.1238740819066721e-003 5.8929429154802127e-001 -3.8088354417150558e+000 1.1565912722276048e-001 9.8264647883947964e-001 -1.4501332323080277e-001 -2.3097814944084896e-001 -5.7788989061174290e-001 1.8531028113483963e-001 7.9479769377777787e-001 1.0973158696877394e+000 0.0000000000000000e+000 0.0000000000000000e+000 0.0000000000000000e+000 1.0000000000000000e+000</transform>
      </camera>
      <camera id="52" label="155_138711562432658.jpg" sensor_id="0" enabled="true">
        <transform>8.1156923630471289e-001 2.2740719138444818e-003 5.8425183207305043e-001 -3.8267218428575678e+000 1.0349319154658879e-001 9.8361926819935008e-001 -1.4758826013770965e-001 1.9624083888687356e+000 -5.7501698582501570e-001 1.8024417833568396e-001 7.9803978734697678e-001 1.5017608186316649e+000 0.0000000000000000e+000 0.0000000000000000e+000 0.0000000000000000e+000 1.0000000000000000e+000</transform>
      </camera>
      <camera id="53" label="156_138711562432658.jpg" sensor_id="0" enabled="false">
        <transform>5.6045153322134711e-001 3.0124919395063676e-003 8.2818174563446867e-001 -5.3428769970315848e+000 1.4093933670675274e-001 9.8505987292447472e-001 -9.8960346213412584e-002 -7.0824386395707579e+000 -8.1610672235835802e-001 1.7218586366578503e-001 5.5165373747955870e-001 1.3429641312742884e+000 0.0000000000000000e+000 0.0000000000000000e+000 0.0000000000000000e+000 1.0000000000000000e+000</transform>
      </camera>
      <camera id="54" label="157_138711562432658.jpg" sensor_id="0" enabled="true">
        <transform>5.7324206151289325e-001 -1.2751089324845810e-002 8.1928685369257459e-001 -5.5121827584232452e+000 1.6450079509946450e-001 9.8131253774252480e-001 -9.9825806688300697e-002 -4.9581846515931236e+000 -8.0270357375814161e-001 1.9199769006515621e-001 5.6462718645629517e-001 1.9828661968076429e+000 0.0000000000000000e+000 0.0000000000000000e+000 0.0000000000000000e+000 1.0000000000000000e+000</transform>
      </camera>
      <camera id="55" label="158_138711562432658.jpg" sensor_id="0" enabled="true">
        <transform>5.4395439487074859e-001 -1.5548668460587917e-002 8.3897071177121563e-001 -5.5767473402631396e+000 1.8548549888939153e-001 9.7732329314593092e-001 -1.0214847221640767e-001 -2.7539043171621467e+000 -8.1835734615298172e-001 2.1118101141791940e-001 5.3450335304275998e-001 2.3504357639713236e+000 0.0000000000000000e+000 0.0000000000000000e+000 0.0000000000000000e+000 1.0000000000000000e+000</transform>
      </camera>
      <camera id="56" label="159_138711562432658.jpg" sensor_id="0" enabled="true">
        <transform>5.6511546887630559e-001 -1.8056822410291093e-002 8.2481419604730144e-001 -5.5599096945098223e+000 1.5400545499752133e-001 9.8449606909037168e-001 -8.3963145347303120e-002 -5.6596742234824249e-001 -8.1051022613395785e-001 1.7447475780195001e-001 5.5913480684199157e-001 2.8043035121475017e+000 0.0000000000000000e+000 0.0000000000000000e+000 0.0000000000000000e+000 1.0000000000000000e+000</transform>
      </camera>
      <camera id="57" label="160_138711562432658.jpg" sensor_id="0" enabled="true">
        <transform>5.7274712840976272e-001 -2.2366738474854195e-002 8.1942690699559562e-001 -5.6064831853959429e+000 1.7655109603611080e-001 9.7953332029834939e-001 -9.6665324257146565e-002 1.6339306000390521e+000 -8.0049387092395585e-001 2.0003550543663184e-001 5.6497376857504844e-001 3.1873453430934418e+000 0.0000000000000000e+000 0.0000000000000000e+000 0.0000000000000000e+000 1.0000000000000000e+000</transform>
      </camera>
      <camera id="58" label="161_138711562432658.jpg" sensor_id="0" enabled="true">
        <transform>2.1822798226450751e-001 -2.4560550566080808e-002 9.7558870796696529e-001 -6.4508528731868076e+000 1.7888832028589052e-001 9.8375120339469335e-001 -1.5249219153285254e-002 -7.5646537437352368e+000 -9.5936203626266880e-001 1.7784923158502333e-001 2.1907563580316800e-001 3.7575563050059864e+000 0.0000000000000000e+000 0.0000000000000000e+000 0.0000000000000000e+000 1.0000000000000000e+000</transform>
      </camera>
      <camera id="59" label="162_138711562432658.jpg" sensor_id="0" enabled="true">
        <transform>2.5281810292783352e-001 -1.7552586542804921e-002 9.6735459555306225e-001 -6.4787138524347645e+000 1.8290191297033817e-001 9.8267422797978310e-001 -2.9970850774175245e-002 -5.3724642713175594e+000 -9.5006836441582565e-001 1.8450817968316305e-001 2.5164823577017864e-001 4.1777912154545538e+000 0.0000000000000000e+000 0.0000000000000000e+000 0.0000000000000000e+000 1.0000000000000000e+000</transform>
      </camera>
      <camera id="60" label="163_138711562432658.jpg" sensor_id="0" enabled="true">
        <transform>2.4202752042537395e-001 2.9108225699383455e-002 9.6983266110880140e-001 -6.5858682761577816e+000 1.8704051073627392e-001 9.7940227649073219e-001 -7.6072519008412054e-002 -3.1841512402931160e+000 -9.5207065215784226e-001 1.9980963941062796e-001 2.3159788707657902e-001 4.5710634574201459e+000 0.0000000000000000e+000 0.0000000000000000e+000 0.0000000000000000e+000 1.0000000000000000e+000</transform>
      </camera>
      <camera id="61" label="164_138711562432658.jpg" sensor_id="0" enabled="true">
        <transform>2.3845391462586440e-001 -1.7013526535462370e-002 9.7100477368261584e-001 -6.5835982215731832e+000 1.8562837835083232e-001 9.8221022393599799e-001 -2.8375714025145979e-002 -9.8549898065425257e-001 -9.5324804523819562e-001 1.8701234159922103e-001 2.3737006622389237e-001 4.9800697760203132e+000 0.0000000000000000e+000 0.0000000000000000e+000 0.0000000000000000e+000 1.0000000000000000e+000</transform>
      </camera>
      <camera id="62" label="165_138711562432658.jpg" sensor_id="0" enabled="true">
        <transform>2.4493366156780039e-001 -1.7042405263761676e-002 9.6939004423081221e-001 -6.6285778537344449e+000 1.8484483885872627e-001 9.8232682736134436e-001 -2.9434500054992027e-002 1.2072232411540138e+000 -9.5175621194625359e-001 1.8639624639198482e-001 2.4375510733663969e-001 5.3938311579379672e+000 0.0000000000000000e+000 0.0000000000000000e+000 0.0000000000000000e+000 1.0000000000000000e+000</transform>
      </camera>
      <camera id="63" label="166_138711562432658.jpg" sensor_id="0" enabled="true">
        <transform>-1.1251731359127226e-001 -2.7528591455285351e-001 9.5475521438272459e-001 -6.6386927465972470e+000 1.8346677151283156e-001 9.3858060700596069e-001 2.9224371319667597e-001 -8.0246038792102130e+000 -9.7656530651711237e-001 2.0804833429066813e-001 -5.5100750503207091e-002 6.1693326570081330e+000 0.0000000000000000e+000 0.0000000000000000e+000 0.0000000000000000e+000 1.0000000000000000e+000</transform>
      </camera>
      <camera id="64" label="167_138711562432658.jpg" sensor_id="0" enabled="true">
        <transform>-1.3914168226044793e-001 -9.7651227457513923e-004 9.9027200237182822e-001 -6.6766487757825050e+000 1.9619184882658003e-001 9.8015030329518682e-001 2.8533163237916825e-002 -5.8345767769452195e+000 -9.7064326645361365e-001 1.9825344731966413e-001 -1.3618817832002980e-001 6.5751345986625704e+000 0.0000000000000000e+000 0.0000000000000000e+000 0.0000000000000000e+000 1.0000000000000000e+000</transform>
      </camera>
      <camera id="65" label="168_138711562432658.jpg" sensor_id="0" enabled="true">
        <transform>-1.2371954901258383e-001 -1.3858906622492562e-003 9.9231625629090414e-001 -6.6774377810857377e+000 1.5994801923574520e-001 9.8689517087670309e-001 2.1320244904903835e-002 -3.6322361936969396e+000 -9.7934166884427254e-001 1.6135675073363273e-001 -1.2187655499725847e-001 6.9857438969626733e+000 0.0000000000000000e+000 0.0000000000000000e+000 0.0000000000000000e+000 1.0000000000000000e+000</transform>
      </camera>
      <camera id="66" label="169_138711562432658.jpg" sensor_id="0" enabled="true">
        <transform>-1.4871159344571236e-001 -9.2572641631706865e-003 9.8883727935138566e-001 -6.7712333224741128e+000 1.8324077491432378e-001 9.8238074475909620e-001 3.6754465515926926e-002 -1.4363844457008246e+000 -9.7175494873122992e-001 1.8666112446563857e-001 -1.4439509766466485e-001 7.3973304383743139e+000 0.0000000000000000e+000 0.0000000000000000e+000 0.0000000000000000e+000 1.0000000000000000e+000</transform>
      </camera>
      <camera id="67" label="170_138711562432658.jpg" sensor_id="0" enabled="true">
        <transform>-1.3539348589496394e-001 -4.8258384235101134e-002 9.8961595193702667e-001 -6.7760046538227821e+000 1.8155734836964010e-001 9.8069212386537752e-001 7.2662833975841709e-002 7.5527043876984945e-001 -9.7401516067779736e-001 1.8951012252498001e-001 -1.2401766096154096e-001 7.7987700147455472e+000 0.0000000000000000e+000 0.0000000000000000e+000 0.0000000000000000e+000 1.0000000000000000e+000</transform>
      </camera>
      <camera id="68" label="171_138711562432658.jpg" sensor_id="0" enabled="true">
        <transform>-4.1818810640300452e-001 -2.4781342757224190e-001 8.7390343446971697e-001 -5.8561957050089513e+000 1.6372328742941494e-001 9.2574744069475301e-001 3.4086120518536722e-001 -8.4296644420386357e+000 -8.9348385145808584e-001 2.8562244512995305e-001 -3.4656374020028757e-001 8.4781519733451915e+000 0.0000000000000000e+000 0.0000000000000000e+000 0.0000000000000000e+000 1.0000000000000000e+000</transform>
      </camera>
      <camera id="69" label="172_138711562432658.jpg" sensor_id="0" enabled="true">
        <transform>-4.7503717297574488e-001 -2.1471183062611518e-002 8.7970374137496088e-001 -5.9664552293963240e+000 1.5343088495589596e-001 9.8236780462908668e-001 1.0682911574041574e-001 -6.2611558546785178e+000 -8.6648638063899353e-001 1.8572152467099862e-001 -4.6336688211504368e-001 8.9042501352011563e+000 0.0000000000000000e+000 0.0000000000000000e+000 0.0000000000000000e+000 1.0000000000000000e+000</transform>
      </camera>
      <camera id="70" label="173_138711562432658.jpg" sensor_id="0" enabled="true">
        <transform>-4.6403331390378083e-001 -5.3321938850935946e-003 8.8580169975895118e-001 -5.9459612277851672e+000 1.9195403210604009e-001 9.7561593748460840e-001 1.0642928208093128e-001 -4.0399797881087958e+000 -8.6476975730289551e-001 2.1941994037552942e-001 -4.5169476045211171e-001 9.3064187536683818e+000 0.0000000000000000e+000 0.0000000000000000e+000 0.0000000000000000e+000 1.0000000000000000e+000</transform>
      </camera>
      <camera id="71" label="174_138711562432658.jpg" sensor_id="0" enabled="true">
        <transform>-4.6871131791709786e-001 -2.1907554746873406e-002 8.8307970166991712e-001 -6.0116412387118636e+000 1.6646208809404339e-001 9.7959138530767709e-001 1.1265474272464930e-001 -1.8589005207129785e+000 -8.6752525823965965e-001 1.9980184402552126e-001 -4.5549879191959786e-001 9.7351567770509693e+000 0.0000000000000000e+000 0.0000000000000000e+000 0.0000000000000000e+000 1.0000000000000000e+000</transform>
      </camera>
      <camera id="72" label="175_138711562432658.jpg" sensor_id="0" enabled="true">
        <transform>-4.9213986435330348e-001 -9.9751314917256584e-003 8.7045898850321168e-001 -6.0667897383545242e+000 1.5167113452211411e-001 9.8365755493548779e-001 9.7024128808825646e-002 3.3662389639484885e-001 -8.5720138874542573e-001 1.7977294393222693e-001 -4.8258415614569611e-001 1.0147080718727381e+001 0.0000000000000000e+000 0.0000000000000000e+000 0.0000000000000000e+000 1.0000000000000000e+000</transform>
      </camera>
      <camera id="73" label="176_138711562432658.jpg" sensor_id="0" enabled="true">
        <transform>-7.4191714634074502e-001 -2.0407499848642455e-001 6.3868015701004166e-001 -4.3317631467955602e+000 1.0609692090497394e-001 9.0482158809951418e-001 4.1236068809181720e-001 -8.7630050306181158e+000 -6.6204410075167142e-001 3.7369946307405782e-001 -6.4965092161719573e-001 1.0354781416035204e+001 0.0000000000000000e+000 0.0000000000000000e+000 0.0000000000000000e+000 1.0000000000000000e+000</transform>
      </camera>
      <camera id="74" label="177_138711562432658.jpg" sensor_id="0" enabled="true">
        <transform>-7.4076942070688745e-001 -5.8557556230758333e-002 6.6920226983615638e-001 -4.3894413619258001e+000 9.9800238290883941e-002 9.7554488679107265e-001 1.9583688695666118e-001 -6.5755460566763162e+000 -6.6430458208766341e-001 2.1185652329837495e-001 -7.1680976259622742e-001 1.0777681939679789e+001 0.0000000000000000e+000 0.0000000000000000e+000 0.0000000000000000e+000 1.0000000000000000e+000</transform>
      </camera>
      <camera id="75" label="178_138711562432658.jpg" sensor_id="0" enabled="true">
