<?xml version="1.0" encoding="UTF-8"?>
<document version="1.2.0">
  <chunk>
    <sensors>
      <sensor id="0" label="RP_OV5647 (3.5976 mm)" type="frame">
        <resolution width="1296" height="972"/>
        <property name="focal_length" value="3.5975999999999999"/>
        <property name="fixed" value="false"/>
        <calibration type="frame" class="adjusted">
          <resolution width="1296" height="972"/>
          <fx>1274.7551560310019</fx>
          <fy>1274.8524021311418</fy>
          <cx>652.85460508525432</cx>
          <cy>480.32112126099094</cy>
          <skew>0.76831898241363195</skew>
          <k1>0.033321635688983935</k1>
          <k2>-0.61746681919393276</k2>
          <k3>1.274079701945501</k3>
          <p1>0.00081922006701866336</p1>
          <p2>-0.00024580699695438666</p2>
        </calibration>
      </sensor>
    </sensors>
    <cameras>
      <camera id="0" label="103_138711551908509.jpg" sensor_id="0" enabled="true">
        <transform>-9.1050779576615348e-001 1.1233558973407980e-002 -4.1333928073902110e-001 2.8656890754981923e+000 -6.1396697787048496e-002 9.8487695610666237e-001 1.6201181077600657e-001 -4.6975672211494492e+000 4.0890830188430533e-001 1.7289068362079457e-001 -8.9604844298019293e-001 1.1944985476589080e+001 0.0000000000000000e+000 0.0000000000000000e+000 0.0000000000000000e+000 1.0000000000000000e+000</transform>
      </camera>
      <camera id="1" label="104_138711551908509.jpg" sensor_id="0" enabled="true">
        <transform>-9.0946336552250628e-001 5.7641078871225812e-003 -4.1574410619122670e-001 2.9101445266868140e+000 -8.0584353787343577e-002 9.7850060284892593e-001 1.8984923531309253e-001 -2.5744755137023043e+000 4.0790017001363532e-001 2.0616339462803610e-001 -8.8944595452354058e-001 1.2410017388046800e+001 0.0000000000000000e+000 0.0000000000000000e+000 0.0000000000000000e+000 1.0000000000000000e+000</transform>
      </camera>
      <camera id="2" label="105_138711551908509.jpg" sensor_id="0" enabled="true">
        <transform>-9.0370088969725837e-001 1.4671224101148257e-002 -4.2791290836308921e-001 2.9340773076055933e+000 -7.4292730133783721e-002 9.7887999273449366e-001 1.9045878838579758e-001 -4.5243306674782224e-001 4.2166964819589808e-001 2.0390859473668863e-001 -8.8352475504812911e-001 1.2864963095643267e+001 0.0000000000000000e+000 0.0000000000000000e+000 0.0000000000000000e+000 1.0000000000000000e+000</transform>
      </camera>
      <camera id="3" label="106_138711551908509.jpg" sensor_id="0" enabled="true">
        <transform>-7.0778043113225286e-001 1.9999959378278059e-001 -6.7753009069189307e-001 4.7668399371715244e+000 -1.2242559342143766e-001 9.0984845388531044e-001 3.9646912242685178e-001 -8.7111927792080550e+000 6.9574336890957933e-001 3.6356010981573855e-001 -6.1948786200305572e-001 9.7499334423033179e+000 0.0000000000000000e+000 0.0000000000000000e+000 0.0000000000000000e+000 1.0000000000000000e+000</transform>
      </camera>
      <camera id="4" label="107_138711551908509.jpg" sensor_id="0" enabled="true">
        <transform>-6.9434297030491632e-001 3.9765050642891424e-002 -7.1854476571436687e-001 4.8081083386370782e+000 -1.1213698106065914e-001 9.8029742545833032e-001 1.6261074724128990e-001 -6.5962235539036325e+000 7.1085380850548119e-001 1.9348307002716694e-001 -6.7620349344418129e-001 1.0198647095620888e+001 0.0000000000000000e+000 0.0000000000000000e+000 0.0000000000000000e+000 1.0000000000000000e+000</transform>
      </camera>
      <camera id="5" label="108_138711551908509.jpg" sensor_id="0" enabled="true">
        <transform>-6.8703652257684200e-001 -1.6765889781799131e-002 -7.2642943331430687e-001 4.8504298073230876e+000 -1.4743737314412605e-001 9.8215376560604695e-001 1.1677414827872447e-001 -4.4704108366534268e+000 7.1150758087730881e-001 1.8733095218272489e-001 -6.7724742650558178e-001 1.0632587455917454e+001 0.0000000000000000e+000 0.0000000000000000e+000 0.0000000000000000e+000 1.0000000000000000e+000</transform>
      </camera>
      <camera id="6" label="109_138711551908509.jpg" sensor_id="0" enabled="true">
        <transform>-6.8575649396690974e-001 6.2308353930089211e-004 -7.2783077892399883e-001 4.8781745711808018e+000 -1.4102701079165275e-001 9.8093417964102891e-001 1.3371431276850654e-001 -2.3429187553269903e+000 7.1403740322855835e-001 1.9433925743113761e-001 -6.7259411223391730e-001 1.1063200767922512e+001 0.0000000000000000e+000 0.0000000000000000e+000 0.0000000000000000e+000 1.0000000000000000e+000</transform>
      </camera>
      <camera id="7" label="110_138711551908509.jpg" sensor_id="0" enabled="true">
        <transform>-6.6910635289461429e-001 3.6109880682996573e-002 -7.4228886899449598e-001 4.9304977953405995e+000 -1.4988952700312719e-001 9.7173523698420727e-001 1.8238354886893535e-001 -2.2453605040048308e-001 7.2789409821130380e-001 2.3329531868494122e-001 -6.4478172746197215e-001 1.1515946859328849e+001 0.0000000000000000e+000 0.0000000000000000e+000 0.0000000000000000e+000 1.0000000000000000e+000</transform>
      </camera>
      <camera id="8" label="111_138711551908509.jpg" sensor_id="0" enabled="true">
        <transform>-3.6937547652672587e-001 2.3980406065038942e-001 -8.9780608698996822e-001 6.1202815848198702e+000 -1.8975479246265750e-001 9.2631074491325105e-001 3.2548659357293258e-001 -8.3904646149458912e+000 9.0970043205338080e-001 2.9058977331255481e-001 -2.9665250305374141e-001 7.8118365797433329e+000 0.0000000000000000e+000 0.0000000000000000e+000 0.0000000000000000e+000 1.0000000000000000e+000</transform>
      </camera>
      <camera id="9" label="112_138711551908509.jpg" sensor_id="0" enabled="true">
        <transform>-3.8820662082757834e-001 1.5062984579929231e-002 -9.2144925310142700e-001 6.1212071495120446e+000 -1.8207670579000584e-001 9.7890383627429811e-001 9.2711124122844379e-002 -6.2455593515860617e+000 9.0340671502612413e-001 2.0376551676622479e-001 -3.7727433178351921e-001 8.2240888011979898e+000 0.0000000000000000e+000 0.0000000000000000e+000 0.0000000000000000e+000 1.0000000000000000e+000</transform>
      </camera>
      <camera id="10" label="113_138711551908509.jpg" sensor_id="0" enabled="true">
        <transform>-3.7636192406910535e-001 2.8133640228997225e-004 -9.2647267793542087e-001 6.1270159896939713e+000 -1.7068490659607116e-001 9.8286189044223815e-001 6.9635960369632044e-002 -4.1172735897057224e+000 9.1061427880925061e-001 1.8434322652633389e-001 -3.6986377230349193e-001 8.6618737131844892e+000 0.0000000000000000e+000 0.0000000000000000e+000 0.0000000000000000e+000 1.0000000000000000e+000</transform>
      </camera>
      <camera id="11" label="114_138711551908509.jpg" sensor_id="0" enabled="true">
        <transform>-4.0730835365902357e-001 5.5220758950443545e-002 -9.1161975232029335e-001 6.2074853687799179e+000 -1.7132641070647203e-001 9.7582995323432309e-001 1.3565825947997623e-001 -1.9874035572678883e+000 8.9707701232057735e-001 2.1143928242319660e-001 -3.8800291727556718e-001 9.1030148018050756e+000 0.0000000000000000e+000 0.0000000000000000e+000 0.0000000000000000e+000 1.0000000000000000e+000</transform>
      </camera>
      <camera id="12" label="115_138711551908509.jpg" sensor_id="0" enabled="true">
        <transform>-3.9235220093851542e-001 1.0947741264074703e-002 -9.1974991023642816e-001 6.2770670988676063e+000 -1.8718215982421721e-001 9.7805533480138063e-001 9.1490989228994846e-002 1.2843490906527782e-001 9.0056792606790292e-001 2.0805746568622269e-001 -3.8169294139397214e-001 9.5576658433132771e+000 0.0000000000000000e+000 0.0000000000000000e+000 0.0000000000000000e+000 1.0000000000000000e+000</transform>
      </camera>
      <camera id="13" label="116_138711551908509.jpg" sensor_id="0" enabled="true">
        <transform>-5.1306789349119940e-002 2.7308088166219086e-001 -9.6062190555768889e-001 6.6370124738346989e+000 -1.8099444704942436e-001 9.4341745843563896e-001 2.7785699425444088e-001 -7.8842451978593298e+000 9.8214490962584444e-001 1.8812318089337043e-001 1.0224023679780703e-003 5.4922952324552634e+000 0.0000000000000000e+000 0.0000000000000000e+000 0.0000000000000000e+000 1.0000000000000000e+000</transform>
      </camera>
      <camera id="14" label="117_138711551908509.jpg" sensor_id="0" enabled="true">
        <transform>-5.8685793241029079e-002 3.9679153394768685e-002 -9.9748761519005635e-001 6.6525636114225239e+000 -2.0129757533741782e-001 9.7821427170948327e-001 5.0755539472676373e-002 -5.7514974926127271e+000 9.7777055786874045e-001 2.0377046746219196e-001 -4.9419963125158145e-002 5.9367884689799562e+000 0.0000000000000000e+000 0.0000000000000000e+000 0.0000000000000000e+000 1.0000000000000000e+000</transform>
      </camera>
      <camera id="15" label="118_138711551908509.jpg" sensor_id="0" enabled="true">
        <transform>-3.6018971213341022e-002 1.1885329442835213e-002 -9.9928042743604661e-001 6.6959609630059145e+000 -1.6290053536552282e-001 9.8648541991823502e-001 1.7604881890250321e-002 -3.6332071941304549e+000 9.8598481189638953e-001 1.6341742634363965e-001 -3.3596063413182067e-002 6.3795480351773035e+000 0.0000000000000000e+000 0.0000000000000000e+000 0.0000000000000000e+000 1.0000000000000000e+000</transform>
      </camera>
      <camera id="16" label="119_138711551908509.jpg" sensor_id="0" enabled="true">
        <transform>-3.6945580549873784e-002 3.9494896722161194e-002 -9.9853651771517027e-001 6.7823655289832265e+000 -1.9983162344478361e-001 9.7874489912522422e-001 4.6105799068849276e-002 -1.5157135551383587e+000 9.7913346707650384e-001 2.0124257891723790e-001 -2.8267969178635527e-002 6.8268809384719811e+000 0.0000000000000000e+000 0.0000000000000000e+000 0.0000000000000000e+000 1.0000000000000000e+000</transform>
      </camera>
      <camera id="17" label="120_138711551908509.jpg" sensor_id="0" enabled="true">
        <transform>-5.2497750436239971e-002 4.2865726713701299e-002 -9.9770061424880396e-001 6.8409651270857141e+000 -2.1135310417806902e-001 9.7596886571091723e-001 5.3053166891716810e-002 6.0534655153642425e-001 9.7599889936076700e-001 2.1365229377718448e-001 -4.2176365541842377e-002 7.2635461752987158e+000 0.0000000000000000e+000 0.0000000000000000e+000 0.0000000000000000e+000 1.0000000000000000e+000</transform>
      </camera>
      <camera id="18" label="121_138711551908509.jpg" sensor_id="0" enabled="true">
        <transform>3.2102551754102604e-001 4.4662227018864006e-002 -9.4601686167067423e-001 6.2938371220643781e+000 -2.0198565461669621e-001 9.7913418277829978e-001 -2.2316976590384563e-002 -7.3638561155283577e+000 9.2528072087155311e-001 1.9824615404286289e-001 3.2334818692955802e-001 3.1891552079489340e+000 0.0000000000000000e+000 0.0000000000000000e+000 0.0000000000000000e+000 1.0000000000000000e+000</transform>
      </camera>
      <camera id="19" label="122_138711551908509.jpg" sensor_id="0" enabled="true">
        <transform>3.2734900511870885e-001 2.6695535447148214e-002 -9.4452632426787442e-001 6.3426423311211142e+000 -1.8835877477109636e-001 9.8138243366760247e-001 -3.7543186537444165e-002 -5.2431775828157008e+000 9.2593930730611229e-001 1.9019954594016253e-001 3.2628290165075013e-001 3.6248592737234158e+000 0.0000000000000000e+000 0.0000000000000000e+000 0.0000000000000000e+000 1.0000000000000000e+000</transform>
      </camera>
      <camera id="20" label="123_138711551908509.jpg" sensor_id="0" enabled="true">
        <transform>3.2812968664995845e-001 2.5804454884142125e-003 -9.4462916006233988e-001 6.4039469759952041e+000 -2.0854981588218402e-001 9.7551936826502894e-001 -6.9777764619586180e-002 -3.1246873657425711e+000 9.2132398375083435e-001 2.1989839344770246e-001 3.2063501606127209e-001 4.0556876087491300e+000 0.0000000000000000e+000 0.0000000000000000e+000 0.0000000000000000e+000 1.0000000000000000e+000</transform>
      </camera>
      <camera id="21" label="124_138711551908509.jpg" sensor_id="0" enabled="true">
        <transform>3.1556701064642773e-001 2.4030287726209631e-002 -9.4859897062113285e-001 6.4714184455998112e+000 -2.1117012114512412e-001 9.7638904706953178e-001 -4.5514928300564680e-002 -9.9896782172032172e-001 9.2510790815300625e-001 2.1467876940780034e-001 3.1319065158194220e-001 4.4911982027650623e+000 0.0000000000000000e+000 0.0000000000000000e+000 0.0000000000000000e+000 1.0000000000000000e+000</transform>
      </camera>
      <camera id="22" label="125_138711551908509.jpg" sensor_id="0" enabled="true">
        <transform>3.2339169057474842e-001 5.0873553959074336e-002 -9.4489665888645169e-001 6.5554769648283031e+000 -2.0683480751829580e-001 9.7820802652789440e-001 -1.8122340777940754e-002 1.1190410958669748e+000 9.2338354808068568e-001 2.0129813298680999e-001 3.2686676917354091e-001 4.9252571137491747e+000 0.0000000000000000e+000 0.0000000000000000e+000 0.0000000000000000e+000 1.0000000000000000e+000</transform>
      </camera>
      <camera id="23" label="126_138711551908509.jpg" sensor_id="0" enabled="true">
        <transform>6.3843430973171322e-001 2.4220822044304355e-002 -7.6929512148257451e-001 5.1921336493641448e+000 -1.7306388641278786e-001 9.7842762595477151e-001 -1.1281964362739053e-001 -6.8973926247778650e+000 7.4996701485938200e-001 2.0516513482560308e-001 6.2885351559397329e-001 1.1317819539549476e+000 0.0000000000000000e+000 0.0000000000000000e+000 0.0000000000000000e+000 1.0000000000000000e+000</transform>
      </camera>
      <camera id="24" label="127_138711551908509.jpg" sensor_id="0" enabled="true">
        <transform>6.4231692523000272e-001 2.7154305282148239e-003 -7.6643433769640135e-001 5.2483013247022940e+000 -1.4984630026599235e-001 9.8114052618794856e-001 -1.2210386631155219e-001 -4.7772630568442702e+000 7.5164822480976357e-001 1.9327672986855349e-001 6.3061006321787250e-001 1.5641805165085430e+000 0.0000000000000000e+000 0.0000000000000000e+000 0.0000000000000000e+000 1.0000000000000000e+000</transform>
      </camera>
      <camera id="25" label="128_138711551908509.jpg" sensor_id="0" enabled="true">
        <transform>6.4028068090199519e-001 -1.4966670408425420e-002 -7.6799521381357772e-001 5.2951096738536041e+000 -1.4545456833536979e-001 9.7935915080237046e-001 -1.4035178050181910e-001 -2.6488474894285523e+000 7.5424373926075683e-001 2.0157294589439609e-001 6.2488777333966639e-001 1.9775161495492382e+000 0.0000000000000000e+000 0.0000000000000000e+000 0.0000000000000000e+000 1.0000000000000000e+000</transform>
      </camera>
      <camera id="26" label="129_138711551908509.jpg" sensor_id="0" enabled="true">
        <transform>6.4392953015234189e-001 4.7902767181876200e-002 -7.6358371190990137e-001 5.3298188975896226e+000 -1.5595655068075212e-001 9.8530128749176238e-001 -6.9706005242286068e-002 -5.2305276663000289e-001 7.4902090391226483e-001 1.6397163706993531e-001 6.4193534545081654e-001 2.4544311331999822e+000 0.0000000000000000e+000 0.0000000000000000e+000 0.0000000000000000e+000 1.0000000000000000e+000</transform>
      </camera>
      <camera id="27" label="130_138711551908509.jpg" sensor_id="0" enabled="true">
        <transform>6.4393074564987018e-001 2.0995460125277657e-002 -7.6479564947829703e-001 5.3796785334504236e+000 -1.6247826521813369e-001 9.8057472964469228e-001 -1.0988181339031650e-001 1.5901690867149807e+000 7.4763226798908833e-001 1.9501894840339595e-001 6.3483352276413818e-001 2.8806012281808813e+000 0.0000000000000000e+000 0.0000000000000000e+000 0.0000000000000000e+000 1.0000000000000000e+000</transform>
      </camera>
      <camera id="28" label="131_138711551908509.jpg" sensor_id="0" enabled="true">
        <transform>8.9132015448672686e-001 9.5176132013884904e-003 -4.5327452746068364e-001 3.4179640630322434e+000 -9.7147526397803885e-002 9.8056717204278643e-001 -1.7044171797655769e-001 -6.5302362479750267e+000 4.4284392320607191e-001 1.9595263751978739e-001 8.7492389584951535e-001 -4.3744359792457105e-001 0.0000000000000000e+000 0.0000000000000000e+000 0.0000000000000000e+000 1.0000000000000000e+000</transform>
      </camera>
      <camera id="29" label="132_138711551908509.jpg" sensor_id="0" enabled="true">
        <transform>8.8010710263303438e-001 1.4037487125017317e-002 -4.7456763148164716e-001 3.4433972276720497e+000 -1.0996278291078292e-001 9.7841027969513628e-001 -1.7499003103434577e-001 -4.3995640143478196e+000 4.6186542874456571e-001 2.0619474664040363e-001 8.6264943759820434e-001 9.2408491528872001e-003 0.0000000000000000e+000 0.0000000000000000e+000 0.0000000000000000e+000 1.0000000000000000e+000</transform>
      </camera>
      <camera id="30" label="133_138711551908509.jpg" sensor_id="0" enabled="true">
        <transform>8.9659245670020693e-001 -1.1150080028926271e-002 -4.4271620966894376e-001 3.4735774397908394e+000 -7.8128663814266475e-002 9.8002047351745669e-001 -1.8290922168446655e-001 -2.2913143591092315e+000 4.3591040189342234e-001 1.9858385433354986e-001 8.7780782311343442e-001 5.0744510957150812e-001 0.0000000000000000e+000 0.0000000000000000e+000 0.0000000000000000e+000 1.0000000000000000e+000</transform>
      </camera>
      <camera id="31" label="134_138711551908509.jpg" sensor_id="0" enabled="true">
        <transform>8.8774636699099374e-001 1.1894093843031722e-002 -4.6017922424414698e-001 3.5125028370609641e+000 -9.7087461654525323e-002 9.8201747519834859e-001 -1.6191264062617813e-001 -1.6647860844117474e-001 4.4997823578899104e-001 1.8841499127382086e-001 8.7293721330890284e-001 9.4692009742014494e-001 0.0000000000000000e+000 0.0000000000000000e+000 0.0000000000000000e+000 1.0000000000000000e+000</transform>
      </camera>
      <camera id="32" label="135_138711551908509.jpg" sensor_id="0" enabled="true">
        <transform>8.6690679562832984e-001 2.3661208915481055e-002 -4.9790838001190446e-001 3.5751503262301028e+000 -1.1774124586964337e-001 9.8032772894318210e-001 -1.5841257174279799e-001 1.9610672059839351e+000 4.8436515844400424e-001 1.9595328794832939e-001 8.5263867038022256e-001 1.3388407419162660e+000 0.0000000000000000e+000 0.0000000000000000e+000 0.0000000000000000e+000 1.0000000000000000e+000</transform>
      </camera>
      <camera id="33" label="136_138711551908509.jpg" sensor_id="0" enabled="true">
        <transform>9.9189962601429005e-001 3.1075924257779060e-002 -1.2316419465184003e-001 1.1402818827390444e+000 -5.2163177974824233e-002 9.8373487387156588e-001 -1.7188572015284243e-001 -6.3048103970349887e+000 1.1581940587085729e-001 1.7691801734255114e-001 9.7738727245821166e-001 -1.1902888638266356e+000 0.0000000000000000e+000 0.0000000000000000e+000 0.0000000000000000e+000 1.0000000000000000e+000</transform>
      </camera>
      <camera id="34" label="137_138711551908509.jpg" sensor_id="0" enabled="true">
        <transform>9.9281941689018260e-001 1.9504399995072849e-002 -1.1802196332323053e-001 1.1705074229624819e+000 -4.5660586652425589e-002 9.7370522683742822e-001 -2.2318880360813062e-001 -4.1934301986032070e+000 1.1056543886945008e-001 2.2697512993785149e-001 9.6760403787773708e-001 -6.7446564527259356e-001 0.0000000000000000e+000 0.0000000000000000e+000 0.0000000000000000e+000 1.0000000000000000e+000</transform>
      </camera>
      <camera id="35" label="138_138711551908509.jpg" sensor_id="0" enabled="true">
        <transform>9.9172017615223462e-001 7.5363280184193755e-003 -1.2819631809291335e-001 1.2227869072582622e+000 -3.5792342785795253e-002 9.7493914767608603e-001 -2.1957360161579320e-001 -2.0715552561956372e+000 1.2332883041075500e-001 2.2234401743385346e-001 9.6713656610681908e-001 -2.4875940203908781e-001 0.0000000000000000e+000 0.0000000000000000e+000 0.0000000000000000e+000 1.0000000000000000e+000</transform>
      </camera>
      <camera id="36" label="139_138711551908509.jpg" sensor_id="0" enabled="true">
        <transform>9.8884266353287265e-001 1.7751076950050106e-002 -1.4790228546012224e-001 1.2373727512096220e+000 -4.4217413866720075e-002 9.8310215982601046e-001 -1.7763716856663900e-001 5.2558986231855884e-002 1.4224980523063391e-001 1.8219506747589717e-001 9.7291826496335243e-001 1.8812532192780337e-001 0.0000000000000000e+000 0.0000000000000000e+000 0.0000000000000000e+000 1.0000000000000000e+000</transform>
      </camera>
      <camera id="37" label="140_138711551908509.jpg" sensor_id="0" enabled="true">
        <transform>9.9300475771505314e-001 -1.0871325971693029e-003 -1.1806934105848418e-001 1.2929521653057194e+000 -2.3707163821755681e-002 9.7775878886443424e-001 -2.0838839022815800e-001 2.1847161679603060e+000 1.1566988172725398e-001 2.0972975215994225e-001 9.7089335640951435e-001 5.8905376888149252e-001 0.0000000000000000e+000 0.0000000000000000e+000 0.0000000000000000e+000 1.0000000000000000e+000</transform>
      </camera>
      <camera id="38" label="141_138711551908509.jpg" sensor_id="0" enabled="true">
        <transform>9.9921618190413519e-001 3.0931287766991578e-003 3.9464596479541800e-002 -5.7835212523645062e-002 -4.9978487589590415e-003 9.9882244612445836e-001 4.8257047420414416e-002 -6.2765809380953241e+000 -3.9268859528956007e-002 -4.8416460757931386e-002 9.9805501000644792e-001 -1.2826616137773288e+000 0.0000000000000000e+000 0.0000000000000000e+000 0.0000000000000000e+000 1.0000000000000000e+000</transform>
      </camera>
      <camera id="39" label="142_138711551908509.jpg" sensor_id="0" enabled="true">
        <transform>9.9885708338812174e-001 1.2181196928926399e-002 4.6218453097801107e-002 -2.0633224421119239e-002 -2.1750894618891856e-003 9.7756212864152614e-001 -2.1063606916119848e-001 -4.1575619912043962e+000 -4.7747208831592503e-002 2.1029480042841553e-001 9.7647135183863187e-001 -7.4007401618520818e-001 0.0000000000000000e+000 0.0000000000000000e+000 0.0000000000000000e+000 1.0000000000000000e+000</transform>
      </camera>
      <camera id="40" label="143_138711551908509.jpg" sensor_id="0" enabled="true">
        <transform>9.9759375142949058e-001 2.6975195631193955e-002 6.3867408977464055e-002 1.3948391326367196e-002 5.6698286659754328e-003 8.8637515947906498e-001 -4.6293296458705618e-001 -2.0408926500509184e+000 -6.9098192101778796e-002 4.6218115006901889e-001 8.8408937578117330e-001 -3.0606241069351181e-001 0.0000000000000000e+000 0.0000000000000000e+000 0.0000000000000000e+000 1.0000000000000000e+000</transform>
      </camera>
      <camera id="41" label="144_138711551908509.jpg" sensor_id="0" enabled="true">
        <transform>9.9899643140781369e-001 2.0282817298166389e-002 3.9934162779537347e-002 5.7391861704595426e-002 -2.2118527388552370e-002 9.9869301450152659e-001 4.6076388009645461e-002 9.2250126514834010e-002 -3.8947410448131756e-002 -4.6913432066975694e-002 9.9813938360886356e-001 1.0685092452905684e-001 0.0000000000000000e+000 0.0000000000000000e+000 0.0000000000000000e+000 1.0000000000000000e+000</transform>
      </camera>
      <camera id="42" label="145_138711551908509.jpg" sensor_id="0" enabled="true">
        <transform>9.9900109420701622e-001 7.9748827326583914e-003 4.3968341094300270e-002 6.8642601807991796e-002 -9.7965563966598002e-003 9.9909574518296240e-001 4.1372931248198137e-002 1.0603322745819215e+000 -4.3598638235057885e-002 -4.1762341920699476e-002 9.9817586904380085e-001 2.9547979229620946e-001 0.0000000000000000e+000 0.0000000000000000e+000 0.0000000000000000e+000 1.0000000000000000e+000</transform>
      </camera>
      <camera id="43" label="146_138711551908509.jpg" sensor_id="0" enabled="true">
        <transform>9.6493943608512911e-001 3.3267541530446892e-004 2.6247242524650283e-001 -1.2406224850257661e+000 5.1055735031862219e-002 9.8066019677328853e-001 -1.8894149990124259e-001 -6.2898227839044250e+000 -2.5745911638174568e-001 1.9571782696433920e-001 9.4626071227769348e-001 -1.0313112949360010e+000 0.0000000000000000e+000 0.0000000000000000e+000 0.0000000000000000e+000 1.0000000000000000e+000</transform>
      </camera>
      <camera id="44" label="147_138711551908509.jpg" sensor_id="0" enabled="true">
        <transform>9.7083642961926497e-001 8.5177209599772985e-003 2.3959147596224287e-001 -1.2082833224762046e+000 4.5143960334856348e-002 9.7499622353862536e-001 -2.1758765344270750e-001 -4.1689742009216237e+000 -2.3545413517159333e-001 2.2205812868496130e-001 9.4617732889534512e-001 -6.0534701548999870e-001 0.0000000000000000e+000 0.0000000000000000e+000 0.0000000000000000e+000 1.0000000000000000e+000</transform>
      </camera>
      <camera id="45" label="148_138711551908509.jpg" sensor_id="0" enabled="true">
        <transform>9.6377608732387565e-001 1.5675284334567351e-002 2.6625164593615525e-001 -1.1650157543112352e+000 3.9845207298652194e-002 9.7860646233503712e-001 -2.0184586032770416e-001 -2.0407932617802844e+000 -2.6371957257285383e-001 2.0514306553508968e-001 9.4253292234534558e-001 -1.9564801806737461e-001 0.0000000000000000e+000 0.0000000000000000e+000 0.0000000000000000e+000 1.0000000000000000e+000</transform>
      </camera>
      <camera id="46" label="149_138711551908509.jpg" sensor_id="0" enabled="true">
        <transform>9.7459624559335811e-001 8.9406137558262679e-003 2.2379057956267959e-001 -1.1517887129080755e+000 3.5559783302450867e-002 9.8035151508160767e-001 -1.9402682466267185e-001 7.1127356800568212e-002 -2.2112815263284238e-001 1.9705575937501951e-001 9.5512897967254706e-001 2.7935727250901093e-001 0.0000000000000000e+000 0.0000000000000000e+000 0.0000000000000000e+000 1.0000000000000000e+000</transform>
      </camera>
      <camera id="47" label="150_138711551908509.jpg" sensor_id="0" enabled="true">
        <transform>9.6552362922245383e-001 2.5342728726787736e-003 2.6030309040445210e-001 -1.1151694282651454e+000 5.2105316404374172e-002 9.7783486174812217e-001 -2.0279057954557664e-001 2.1968710309223849e+000 -2.5504736308282350e-001 2.0936227122153026e-001 9.4399061540539730e-001 7.0204350087526701e-001 0.0000000000000000e+000 0.0000000000000000e+000 0.0000000000000000e+000 1.0000000000000000e+000</transform>
      </camera>
      <camera id="48" label="151_138711551908509.jpg" sensor_id="0" enabled="true">
        <transform>8.1942115748241118e-001 2.4345528459968797e-002 5.7267465625273684e-001 -3.4166140610933091e+000 9.5426797567230104e-002 9.7936023981064046e-001 -1.7817757149570662e-001 -6.4427225581491827e+000 -5.6519261581893321e-001 2.0065098036653001e-001 8.0018528548187018e-001 -9.7073011680218396e-002 0.0000000000000000e+000 0.0000000000000000e+000 0.0000000000000000e+000 1.0000000000000000e+000</transform>
      </camera>
      <camera id="49" label="152_138711551908509.jpg" sensor_id="0" enabled="true">
        <transform>8.2229876329927865e-001 1.8887446264062996e-002 5.6874247973058856e-001 -3.4217610983440334e+000 1.0945645687912434e-001 9.7553651574855604e-001 -1.9065096508708196e-001 -4.3295794019997214e+000 -5.5842996689284619e-001 2.1902458952087889e-001 8.0011511750576569e-001 3.0047004998923676e-001 0.0000000000000000e+000 0.0000000000000000e+000 0.0000000000000000e+000 1.0000000000000000e+000</transform>
      </camera>
      <camera id="50" label="153_138711551908509.jpg" sensor_id="0" enabled="true">
        <transform>8.1926969620510326e-001 1.9728403398458112e-002 5.7306889200107980e-001 -3.3810631001691793e+000 1.2453835187299145e-001 9.6942951069404049e-001 -2.1141575794692335e-001 -2.2095792855782674e+000 -5.5972079092415039e-001 2.4457557910564337e-001 7.9176727787423906e-001 7.5904743189446477e-001 0.0000000000000000e+000 0.0000000000000000e+000 0.0000000000000000e+000 1.0000000000000000e+000</transform>
      </camera>
      <camera id="51" label="154_138711551908509.jpg" sensor_id="0" enabled="true">
        <transform>8.1838357367442749e-001 1.3136201750072712e-002 5.7452220718041380e-001 -3.3516035956654830e+000 1.0786930479834764e-001 9.7845722960133541e-001 -1.7602744934583595e-001 -8.8641296659425495e-002 -5.6445773927034970e-001 2.0603128414020297e-001 7.9933633129824944e-001 1.2230402046797439e+000 0.0000000000000000e+000 0.0000000000000000e+000 0.0000000000000000e+000 1.0000000000000000e+000</transform>
      </camera>
      <camera id="52" label="155_138711551908509.jpg" sensor_id="0" enabled="true">
        <transform>8.1386193017050390e-001 2.2884138136837498e-002 5.8060750498152869e-001 -3.3268686473426410e+000 9.7802145686037179e-002 9.7957307487875522e-001 -1.7570239404113894e-001 2.0322082804257060e+000 -5.7276827680864884e-001 1.9978214933850982e-001 7.9499911565192094e-001 1.6496994999812675e+000 0.0000000000000000e+000 0.0000000000000000e+000 0.0000000000000000e+000 1.0000000000000000e+000</transform>
      </camera>
      <camera id="53" label="156_138711551908509.jpg" sensor_id="0" enabled="true">
        <transform>5.4604336485227811e-001 2.6131248941590995e-002 8.3734927093152378e-001 -5.1436775006969091e+000 1.5155415678967490e-001 9.7994087894271775e-001 -1.2941101706093089e-001 -6.7615360847692427e+000 -8.2393445204128501e-001 1.9756778989938240e-001 5.3112991549497657e-001 1.5083078119657176e+000 0.0000000000000000e+000 0.0000000000000000e+000 0.0000000000000000e+000 1.0000000000000000e+000</transform>
      </camera>
      <camera id="54" label="157_138711551908509.jpg" sensor_id="0" enabled="true">
        <transform>5.7001200383113981e-001 1.3057204439360648e-002 8.2153260732647582e-001 -5.1055034604554681e+000 1.6950681311910293e-001 9.7649559848057055e-001 -1.3313071191230649e-001 -4.6676053296875910e+000 -8.0396128998516725e-001 2.1514147800993830e-001 5.5440092770943761e-001 1.9784102886685571e+000 0.0000000000000000e+000 0.0000000000000000e+000 0.0000000000000000e+000 1.0000000000000000e+000</transform>
      </camera>
      <camera id="55" label="158_138711551908509.jpg" sensor_id="0" enabled="true">
        <transform>5.4708900271042893e-001 1.2214328330849386e-002 8.3698532442136309e-001 -5.1025692155184306e+000 1.8940845893672992e-001 9.7215357568209337e-001 -1.3799224967994819e-001 -2.5343331255295189e+000 -8.1536375857436860e-001 2.3402614271048069e-001 5.2954103309520062e-001 2.4059333839696868e+000 0.0000000000000000e+000 0.0000000000000000e+000 0.0000000000000000e+000 1.0000000000000000e+000</transform>
      </camera>
      <camera id="56" label="159_138711551908509.jpg" sensor_id="0" enabled="true">
        <transform>5.6732682403035295e-001 -7.8567778676907896e-004 8.2349235421225875e-001 -5.0484818806923215e+000 1.6145466610607256e-001 9.8069741208118377e-001 -1.1029495332899483e-001 -4.2045124574829651e-001 -8.0751016434978040e-001 1.9552996866895853e-001 5.5650279947553416e-001 2.8837027566921729e+000 0.0000000000000000e+000 0.0000000000000000e+000 0.0000000000000000e+000 1.0000000000000000e+000</transform>
      </camera>
      <camera id="57" label="160_138711551908509.jpg" sensor_id="0" enabled="true">
        <transform>5.7152285201458919e-001 -6.7785574851080416e-003 8.2055815198164428e-001 -5.0598154872605852e+000 1.8473975870251463e-001 9.7535803010923838e-001 -1.2061481938784632e-001 1.7077439927406379e+000 -7.9952038822011717e-001 2.2052384057023675e-001 5.5869167217751348e-001 3.2985936794846720e+000 0.0000000000000000e+000 0.0000000000000000e+000 0.0000000000000000e+000 1.0000000000000000e+000</transform>
      </camera>
      <camera id="58" label="161_138711551908509.jpg" sensor_id="0" enabled="true">
        <transform>2.2154279870132287e-001 5.4333210254513542e-003 9.7513551230904283e-001 -6.1226101954685728e+000 1.9611383205437982e-001 9.7930493918028361e-001 -5.0012008298482763e-002 -7.2269090723435081e+000 -9.5522675487055508e-001 2.0231736237835693e-001 2.1589240760094591e-001 3.6408501180982311e+000 0.0000000000000000e+000 0.0000000000000000e+000 0.0000000000000000e+000 1.0000000000000000e+000</transform>
      </camera>
      <camera id="59" label="162_138711551908509.jpg" sensor_id="0" enabled="true">
        <transform>2.5144303153217379e-001 1.4079435055558850e-002 9.6776968923521600e-001 -6.0601450764171796e+000 1.9756621746673747e-001 9.7809477182851046e-001 -6.5560712607626845e-002 -5.1050309376394072e+000 -9.4749353117042234e-001 2.0768338120863289e-001 2.4315349382633514e-001 4.1191581103606536e+000 0.0000000000000000e+000 0.0000000000000000e+000 0.0000000000000000e+000 1.0000000000000000e+000</transform>
      </camera>
      <camera id="60" label="163_138711551908509.jpg" sensor_id="0" enabled="true">
        <transform>2.4182176790020468e-001 6.2282699330912808e-002 9.6831972918745923e-001 -6.0737760034461692e+000 2.0257553617860741e-001 9.7270712415073624e-001 -1.1315477351112402e-001 -2.9934092605516440e+000 -9.4893908377280423e-001 2.2352117570928076e-001 2.2260480519964426e-001 4.5491661444981499e+000 0.0000000000000000e+000 0.0000000000000000e+000 0.0000000000000000e+000 1.0000000000000000e+000</transform>
      </camera>
      <camera id="61" label="164_138711551908509.jpg" sensor_id="0" enabled="true">
        <transform>2.3420021433764648e-001 -2.9651549966779045e-004 9.7218834167189994e-001 -6.0513693114948115e+000 2.0265817273671416e-001 9.7804666282919006e-001 -4.8522060464295413e-002 -8.6490605632458384e-001 -9.5083117567064268e-001 2.0838578984000583e-001 2.2911882935616695e-001 4.9920060009771552e+000 0.0000000000000000e+000 0.0000000000000000e+000 0.0000000000000000e+000 1.0000000000000000e+000</transform>
      </camera>
      <camera id="62" label="165_138711551908509.jpg" sensor_id="0" enabled="true">
        <transform>2.4135312362004516e-001 -4.2290197263160217e-003 9.7042814525909216e-001 -6.0554964827110496e+000 2.0191860194201294e-001 9.7832355935076420e-001 -4.5955319703321923e-002 1.2555305482585131e+000 -9.4919837121048101e-001 2.0703895433325112e-001 2.3697536471111053e-001 5.4415544930380468e+000 0.0000000000000000e+000 0.0000000000000000e+000 0.0000000000000000e+000 1.0000000000000000e+000</transform>
      </camera>
      <camera id="63" label="166_138711551908509.jpg" sensor_id="0" enabled="true">
        <transform>-1.3102918902052996e-001 -2.3989223021415559e-001 9.6191635265624886e-001 -6.3398661199782715e+000 2.1074264619688196e-001 9.4136555773529285e-001 2.6347376298913916e-001 -7.7214641246405327e+000 -9.6872023241932870e-001 2.3723955107148517e-001 -7.2790842204511541e-002 5.9778511116740214e+000 0.0000000000000000e+000 0.0000000000000000e+000 0.0000000000000000e+000 1.0000000000000000e+000</transform>
      </camera>
      <camera id="64" label="167_138711551908509.jpg" sensor_id="0" enabled="true">
        <transform>-1.3795053104764762e-001 3.4017456823805164e-002 9.8985476895093694e-001 -6.3003385816013386e+000 2.2555739664394517e-001 9.7422773300703702e-001 -2.0457417177566772e-003 -5.5976762919090799e+000 -9.6441355849183186e-001 2.2298685358381631e-001 -1.4206812213129189e-001 6.4270926010159313e+000 0.0000000000000000e+000 0.0000000000000000e+000 0.0000000000000000e+000 1.0000000000000000e+000</transform>
      </camera>
      <camera id="65" label="168_138711551908509.jpg" sensor_id="0" enabled="true">
        <transform>-1.1714000710345704e-001 3.2572828985980129e-002 9.9258109469587030e-001 -6.2304522358961565e+000 1.8906134256204910e-001 9.8191526519416150e-001 -9.9106370791792187e-003 -3.4767349443967834e+000 -9.7495334631172870e-001 1.8649778226705480e-001 -1.2117982391897041e-001 6.8823709968538234e+000 0.0000000000000000e+000 0.0000000000000000e+000 0.0000000000000000e+000 1.0000000000000000e+000</transform>
      </camera>
      <camera id="66" label="169_138711551908509.jpg" sensor_id="0" enabled="true">
        <transform>-1.4049762296352680e-001 1.3124565598452528e-002 9.8999402206248233e-001 -6.2553323043369744e+000 2.1094085480681468e-001 9.7735134937733203e-001 1.6979270999630480e-002 -1.3518665582649054e+000 -9.6734914778221071e-001 2.1121573248259820e-001 -1.4008404847401623e-001 7.3388407291063391e+000 0.0000000000000000e+000 0.0000000000000000e+000 0.0000000000000000e+000 1.0000000000000000e+000</transform>
      </camera>
      <camera id="67" label="170_138711551908509.jpg" sensor_id="0" enabled="true">
        <transform>-1.2805611067517822e-001 -2.4595287323140230e-002 9.9146190262674183e-001 -6.2244522853754214e+000 2.0866440987107501e-001 9.7664728060369532e-001 5.1178641468521899e-002 7.6658610328534926e-001 -9.6956732441429916e-001 2.1343655059736061e-001 -1.1993349114070602e-001 7.7827691452502572e+000 0.0000000000000000e+000 0.0000000000000000e+000 0.0000000000000000e+000 1.0000000000000000e+000</transform>
      </camera>
      <camera id="68" label="171_138711551908509.jpg" sensor_id="0" enabled="true">
        <transform>-4.4344054998525240e-001 -2.0795634542316749e-001 8.7184553507316731e-001 -5.6542663571741061e+000 1.9473505900233479e-001 9.2712340081112132e-001 3.2018815790684518e-001 -8.1808891073469443e+000 -8.7489355662510992e-001 3.1176330455437162e-001 -3.7062771956399065e-001 8.2474757157305110e+000 0.0000000000000000e+000 0.0000000000000000e+000 0.0000000000000000e+000 1.0000000000000000e+000</transform>
      </camera>
      <camera id="69" label="172_138711551908509.jpg" sensor_id="0" enabled="true">
        <transform>-4.8249051970914825e-001 1.4724145229977101e-002 8.7577742488490906e-001 -5.6835894408908469e+000 1.8822445106182312e-001 9.7824269243069373e-001 8.7251307889463586e-002 -6.0717436046704520e+000 -8.5543816516056337e-001 2.0694065394018921e-001 -4.7476426922582898e-001 8.7005620719481396e+000 0.0000000000000000e+000 0.0000000000000000e+000 0.0000000000000000e+000 1.0000000000000000e+000</transform>
      </camera>
      <camera id="70" label="173_138711551908509.jpg" sensor_id="0" enabled="true">
        <transform>-4.5926886039857168e-001 3.0500069496153956e-002 8.8777354073486947e-001 -5.5760797912654976e+000 2.2653790839999993e-001 9.7038589184208512e-001 8.3855810601259836e-002 -3.9401624280880188e+000 -8.5892531102881731e-001 2.3962672362357856e-001 -4.5257744464287941e-001 9.1387616816621939e+000 0.0000000000000000e+000 0.0000000000000000e+000 0.0000000000000000e+000 1.0000000000000000e+000</transform>
      </camera>
      <camera id="71" label="174_138711551908509.jpg" sensor_id="0" enabled="true">
        <transform>-4.5654898523916865e-001 8.2920976581486172e-003 8.8965963446337903e-001 -5.5738049725771344e+000 2.0477866574088971e-001 9.7408839547083004e-001 9.6007790654951380e-002 -1.8230532312237069e+000 -8.6581101987354392e-001 2.2601557230751099e-001 -4.4641711318008626e-001 9.6093785954209476e+000 0.0000000000000000e+000 0.0000000000000000e+000 0.0000000000000000e+000 1.0000000000000000e+000</transform>
      </camera>
      <camera id="72" label="175_138711551908509.jpg" sensor_id="0" enabled="true">
        <transform>-4.8120627494862822e-001 2.1368415824070675e-002 8.7634691290335187e-001 -5.5511266587820502e+000 1.9124482749714602e-001 9.7818104277751305e-001 8.1161958492168285e-002 2.9797805333640692e-001 -8.5549163462049838e-001 2.0665245789940945e-001 -4.7479345481849339e-001 1.0065909948633697e+001 0.0000000000000000e+000 0.0000000000000000e+000 0.0000000000000000e+000 1.0000000000000000e+000</transform>
      </camera>
      <camera id="73" label="176_138711551908509.jpg" sensor_id="0" enabled="true">
        <transform>-7.3761460624222042e-001 -1.6003060630750587e-001 6.5598391573497150e-001 -4.2253967488376523e+000 1.4866242923247397e-001 9.0918024682958098e-001 3.8896113033258384e-001 -8.6079372105064245e+000 -6.5865330394133281e-001 3.8442357344438916e-001 -6.4683409108318690e-001 1.0102137701209459e+001 0.0000000000000000e+000 0.0000000000000000e+000 0.0000000000000000e+000 1.0000000000000000e+000</transform>
      </camera>
      <camera id="74" label="177_138711551908509.jpg" sensor_id="0" enabled="true">
        <transform>-7.3785810799799212e-001 -1.0561630531689195e-002 6.7487322099942260e-001 -4.1803167072781253e+000 1.4251482461965725e-001 9.7489678429140147e-001 1.7107245465566109e-001 -6.4814970823262881e+000 -6.5973853701693952e-001 2.2240663645403427e-001 -7.1783030782765878e-001 1.0534188587636867e+001 0.0000000000000000e+000 0.0000000000000000e+000 0.0000000000000000e+000 1.0000000000000000e+000</transform>
      </camera>
      <camera id="75" label="178_138711551908509.jpg" sensor_id="0" enabled="true">
